-10     -0.0544127
-9.93333     -0.0489275
-9.86667     -0.0432683
-9.8     -0.0373351
-9.73333     -0.0311507
-9.66667     -0.0247393
-9.6     -0.0181262
-9.53333     -0.0113379
-9.46667    -0.00440193
-9.4     0.00265321
-9.33333     0.00979816
-9.26667      0.0170028
-9.2      0.0242364
-9.13333      0.0313782
-9.06667      0.0385919
-9      0.0457365
-8.93333      0.0527804
-8.86667      0.0596917
-8.8      0.0664388
-8.73333      0.0729899
-8.66667      0.0793138
-8.6      0.0853797
-8.53333      0.0911572
-8.46667      0.0966169
-8.4       0.101829
-8.33333       0.106549
-8.26667       0.110872
-8.2       0.114772
-8.13333       0.118224
-8.06667       0.121206
-8       0.123695
-7.93333       0.125674
-7.86667       0.127125
-7.8       0.128032
-7.73333       0.128381
-7.66667       0.128162
-7.6       0.127276
-7.53333       0.125911
-7.46667       0.123954
-7.4       0.121404
-7.33333        0.11826
-7.26667       0.114527
-7.2       0.110209
-7.13333       0.105315
-7.06667      0.0998558
-7      0.0938437
-6.93333      0.0872943
-6.86667      0.0802256
-6.8      0.0727379
-6.73333      0.0646784
-6.66667      0.0561708
-6.6      0.0472419
-6.53333      0.0379208
-6.46667      0.0282392
-6.4      0.0182305
-6.33333     0.00793046
-6.26667     -0.0026234
-6.2     -0.0133917
-6.13333     -0.0243333
-6.06667     -0.0354056
-6      -0.046636
-5.93333     -0.0578218
-5.86667     -0.0690051
-5.8     -0.0801379
-5.73333     -0.0911714
-5.66667      -0.102056
-5.6      -0.112743
-5.53333      -0.123182
-5.46667      -0.133321
-5.4      -0.143113
-5.33333      -0.152506
-5.26667      -0.161371
-5.2      -0.169835
-5.13333      -0.177752
-5.06667      -0.185074
-5      -0.191755
-4.93333      -0.197752
-4.86667      -0.203021
-4.8       -0.20752
-4.73333       -0.21121
-4.66667      -0.214053
-4.6      -0.216013
-4.53333      -0.217056
-4.46667      -0.217222
-4.4      -0.216326
-4.33333      -0.214429
-4.26667      -0.211509
-4.2      -0.207543
-4.13333      -0.202515
-4.06667      -0.196408
-4      -0.189212
-3.93333      -0.180918
-3.86667      -0.171522
-3.8       -0.16102
-3.73333      -0.149416
-3.66667      -0.136654
-3.6      -0.122878
-3.53333      -0.108021
-3.46667      -0.092102
-3.4     -0.0751389
-3.33333      -0.057155
-3.26667     -0.0381766
-3.2     -0.0182332
-3.13333     0.00264241
-3.06667      0.0244143
-3      0.0470435
-2.93333       0.070488
-2.86667      0.0946532
-2.8       0.119603
-2.73333       0.145221
-2.66667       0.171457
-2.6       0.198255
-2.53333       0.225557
-2.46667       0.253305
-2.4       0.281437
-2.33333        0.30989
-2.26667       0.338598
-2.2       0.367496
-2.13333       0.396516
-2.06667       0.425626
-2       0.454674
-1.93333       0.483639
-1.86667       0.512449
-1.8       0.541035
-1.73333       0.569325
-1.66667       0.597249
-1.6       0.624736
-1.53333       0.651718
-1.46667       0.678126
-1.4       0.703893
-1.33333       0.728954
-1.26667       0.753225
-1.2       0.776688
-1.13333       0.799254
-1.06667       0.820866
-1       0.841468
-0.933333       0.861007
-0.866667       0.879432
-0.8       0.896695
-0.733333        0.91275
-0.666667       0.927555
-0.6       0.941071
-0.533333       0.953267
-0.466667       0.964099
-0.4       0.973547
-0.333333       0.981584
-0.266667        0.98819
-0.2       0.993347
-0.133333        0.99704
-0.0666667       0.999259
-1.55154e-014              1
0.0666667       0.999259
0.133333        0.99704
0.2       0.993347
0.266667        0.98819
0.333333       0.981584
0.4       0.973547
0.466667       0.964099
0.533333       0.953267
0.6       0.941071
0.666667       0.927555
0.733333        0.91275
0.8       0.896695
0.866667       0.879432
0.933333       0.861007
1       0.841468
1.06667       0.820866
1.13333       0.799254
1.2       0.776688
1.26667       0.753225
1.33333       0.728954
1.4       0.703893
1.46667       0.678126
1.53333       0.651718
1.6       0.624736
1.66667       0.597249
1.73333       0.569325
1.8       0.541035
1.86667       0.512449
1.93333       0.483639
2       0.454674
2.06667       0.425626
2.13333       0.396516
2.2       0.367496
2.26667       0.338598
2.33333        0.30989
2.4       0.281437
2.46667       0.253305
2.53333       0.225557
2.6       0.198255
2.66667       0.171457
2.73333       0.145221
2.8       0.119603
2.86667      0.0946532
2.93333       0.070488
3      0.0470435
3.06667      0.0244143
3.13333     0.00264241
3.2     -0.0182332
3.26667     -0.0381766
3.33333      -0.057155
3.4     -0.0751389
3.46667      -0.092102
3.53333      -0.108021
3.6      -0.122878
3.66667      -0.136654
3.73333      -0.149416
3.8       -0.16102
3.86667      -0.171522
3.93333      -0.180918
4      -0.189212
4.06667      -0.196408
4.13333      -0.202515
4.2      -0.207543
4.26667      -0.211509
4.33333      -0.214429
4.4      -0.216326
4.46667      -0.217222
4.53333      -0.217056
4.6      -0.216013
4.66667      -0.214053
4.73333       -0.21121
4.8       -0.20752
4.86667      -0.203021
4.93333      -0.197752
5      -0.191755
5.06667      -0.185074
5.13333      -0.177752
5.2      -0.169835
5.26667      -0.161371
5.33333      -0.152506
5.4      -0.143113
5.46667      -0.133321
5.53333      -0.123182
5.6      -0.112743
5.66667      -0.102056
5.73333     -0.0911714
5.8     -0.0801379
5.86667     -0.0690051
5.93333     -0.0578218
6      -0.046636
6.06667     -0.0354056
6.13333     -0.0243333
6.2     -0.0133917
6.26667     -0.0026234
6.33333     0.00793046
6.4      0.0182305
6.46667      0.0282392
6.53333      0.0379208
6.6      0.0472419
6.66667      0.0561708
6.73333      0.0646784
6.8      0.0727379
6.86667      0.0802256
6.93333      0.0872943
7      0.0938437
7.06667      0.0998558
7.13333       0.105315
7.2       0.110209
7.26667       0.114527
7.33333        0.11826
7.4       0.121404
7.46667       0.123954
7.53333       0.125911
7.6       0.127276
7.66667       0.128162
7.73333       0.128381
7.8       0.128032
7.86667       0.127125
7.93333       0.125674
8       0.123695
8.06667       0.121206
8.13333       0.118224
8.2       0.114772
8.26667       0.110872
8.33333       0.106549
8.4       0.101829
8.46667      0.0966169
8.53333      0.0911572
8.6      0.0853797
8.66667      0.0793138
8.73333      0.0729899
8.8      0.0664388
8.86667      0.0596917
8.93333      0.0527804
9      0.0457365
9.06667      0.0385919
9.13333      0.0313782
9.2      0.0242364
9.26667      0.0170028
9.33333     0.00979816
9.4     0.00265321
9.46667    -0.00440193
9.53333     -0.0113379
9.6     -0.0181262
9.66667     -0.0247393
9.73333     -0.0311507
9.8     -0.0373351
9.86667     -0.0432683
9.93333     -0.0489275
10     -0.0544127
