-10     -0.0544127     -0.0544021
-9.93333     -0.0489275     -0.0490184   9.09214e-005          0.001
-9.86667     -0.0432683     -0.0433427   7.43764e-005          0.001
-9.8     -0.0373351     -0.0373958   6.07585e-005          0.001
-9.73333     -0.0311507     -0.0312003   4.95647e-005          0.001
-9.66667     -0.0247393     -0.0247797    4.0376e-005          0.001
-9.6     -0.0181262      -0.018159   3.28437e-005          0.001
-9.53333     -0.0113379     -0.0113646   2.66778e-005          0.001
-9.46667    -0.00440193    -0.00442357   2.16375e-005          0.001
-9.4     0.00265321     0.00263568   1.75233e-005          0.001
-9.33333     0.00979816     0.00978399   1.41698e-005          0.001
-9.26667      0.0170028      0.0169914   1.14406e-005          0.001
-9.2      0.0242364      0.0242272   9.22257e-006          0.001
-9.13333      0.0313782      0.0314602   8.19246e-005          0.001
-9.06667      0.0385919      0.0386587   6.68125e-005          0.001
-9      0.0457365      0.0457909   5.44052e-005          0.001
-8.93333      0.0527804      0.0528246   4.42336e-005          0.001
-8.86667      0.0596917      0.0597276   3.59074e-005          0.001
-8.8      0.0664388      0.0664679   2.91021e-005          0.001
-8.73333      0.0729899      0.0730134   2.35485e-005          0.001
-8.66667      0.0793138      0.0793328   1.90235e-005          0.001
-8.6      0.0853797       0.085395   1.53425e-005          0.001
-8.53333      0.0911572      0.0911696   1.23528e-005          0.001
-8.46667      0.0966169      0.0966268   9.92863e-006          0.001
-8.4       0.101829       0.101738    9.0725e-005          0.001
-8.33333       0.106549       0.106475   7.38436e-005          0.001
-8.26667       0.110872       0.110812   6.00029e-005          0.001
-8.2       0.114772       0.114723   4.86736e-005          0.001
-8.13333       0.118224       0.118185   3.94153e-005          0.001
-8.06667       0.121206       0.121174    3.1862e-005          0.001
-8       0.123695        0.12367   2.57102e-005          0.001
-7.93333       0.125674       0.125654   2.07086e-005          0.001
-7.86667       0.127125       0.127108   1.66492e-005          0.001
-7.8       0.128032       0.128018   1.33605e-005          0.001
-7.73333       0.128381        0.12837    1.0701e-005          0.001
-7.66667       0.128162       0.128153   8.55419e-006          0.001
-7.6       0.127276       0.127358    8.2071e-005          0.001
-7.53333       0.125911       0.125978   6.65188e-005          0.001
-7.46667       0.123954       0.124008   5.38119e-005          0.001
-7.4       0.121404       0.121447   4.34487e-005          0.001
-7.33333        0.11826       0.118295   3.50126e-005          0.001
-7.26667       0.114527       0.114555   2.81583e-005          0.001
-7.2       0.110209       0.110232   2.25999e-005          0.001
-7.13333       0.105315       0.105333   1.81012e-005          0.001
-7.06667      0.0998558      0.0998703   1.44675e-005          0.001
-7      0.0938437      0.0938552   1.15384e-005          0.001
-6.93333      0.0872943      0.0873035   9.18228e-006          0.001
-6.86667      0.0802256      0.0802329   7.29098e-006          0.001
-6.8      0.0727379      0.0726637   7.41524e-005          0.001
-6.73333      0.0646784      0.0646186   5.97875e-005          0.001
-6.66667      0.0561708      0.0561227    4.8101e-005          0.001
-6.6      0.0472419      0.0472032   3.86132e-005          0.001
-6.53333      0.0379208      0.0378899    3.0927e-005          0.001
-6.46667      0.0282392      0.0282145   2.47138e-005          0.001
-6.4      0.0182305      0.0182108   1.97024e-005          0.001
-6.33333     0.00793046     0.00791479   1.56696e-005          0.001
-6.26667     -0.0026234    -0.00263583   1.24317e-005          0.001
-6.2     -0.0133917     -0.0134015   9.83827e-006          0.001
-6.13333     -0.0243333      -0.024341   7.76596e-006          0.001
-6.06667     -0.0354056     -0.0354117   6.11417e-006          0.001
-6      -0.046636     -0.0465692   6.67609e-005          0.001
-5.93333     -0.0578218     -0.0577683   5.34716e-005          0.001
-5.86667     -0.0690051     -0.0689624   4.27189e-005          0.001
-5.8     -0.0801379     -0.0801038     3.404e-005          0.001
-5.73333     -0.0911714     -0.0911444   2.70523e-005          0.001
-5.66667      -0.102056      -0.102035   2.14407e-005          0.001
-5.6      -0.112743      -0.112726   1.69458e-005          0.001
-5.53333      -0.123182      -0.123168   1.33552e-005          0.001
-5.46667      -0.133321      -0.133311   1.04947e-005          0.001
-5.4      -0.143113      -0.143105   8.22225e-006          0.001
-5.33333      -0.152506      -0.152499   6.42215e-006          0.001
-5.26667      -0.161371      -0.161446   7.49002e-005          0.001
-5.2      -0.169835      -0.169895   5.96471e-005          0.001
-5.13333      -0.177752      -0.177799   4.73591e-005          0.001
-5.06667      -0.185074      -0.185111   3.74878e-005          0.001
-5      -0.191755      -0.191785   2.95811e-005          0.001
-4.93333      -0.197752      -0.197775   2.32671e-005          0.001
-4.86667      -0.203021      -0.203039   1.82403e-005          0.001
-4.8       -0.20752      -0.207534   1.42511e-005          0.001
-4.73333       -0.21121      -0.211221   1.10955e-005          0.001
-4.66667      -0.214053      -0.214062   8.60773e-006          0.001
-4.6      -0.216013       -0.21602   6.65312e-006          0.001
-4.53333      -0.217056      -0.217062   5.12285e-006          0.001
-4.46667      -0.217222      -0.217156   6.66487e-005          0.001
-4.4      -0.216326      -0.216273   5.24834e-005          0.001
-4.33333      -0.214429      -0.214388   4.11762e-005          0.001
-4.26667      -0.211509      -0.211476   3.21822e-005          0.001
-4.2      -0.207543      -0.207518   2.50541e-005          0.001
-4.13333      -0.202515      -0.202495   1.94259e-005          0.001
-4.06667      -0.196408      -0.196393    1.4999e-005          0.001
-4      -0.189212      -0.189201   1.15311e-005          0.001
-3.93333      -0.180918      -0.180909   8.82539e-006          0.001
-3.86667      -0.171522      -0.171515   6.72344e-006          0.001
-3.8       -0.16102      -0.161015   5.09769e-006          0.001
-3.73333      -0.149416      -0.149412   3.84596e-006          0.001
-3.66667      -0.136654      -0.136712   5.78289e-005          0.001
-3.6      -0.122878      -0.122922   4.48055e-005          0.001
-3.53333      -0.108021      -0.108056   3.45477e-005          0.001
-3.46667      -0.092102     -0.0921285   2.65051e-005          0.001
-3.4     -0.0751389     -0.0751591   2.02291e-005          0.001
-3.33333      -0.057155     -0.0571704   1.53559e-005          0.001
-3.26667     -0.0381766     -0.0381882   1.15911e-005          0.001
-3.2     -0.0182332     -0.0182419   8.69823e-006          0.001
-3.13333     0.00264241     0.00263592   6.48758e-006          0.001
-3.06667      0.0244143      0.0244095   4.80805e-006          0.001
-3      0.0470435        0.04704   3.53971e-006          0.001
-2.93333       0.070488      0.0704854   2.58791e-006          0.001
-2.86667      0.0946532      0.0947008   4.75807e-005          0.001
-2.8       0.119603       0.119639    3.5939e-005          0.001
-2.73333       0.145221       0.145248   2.69606e-005          0.001
-2.66667       0.171457       0.171477   2.00804e-005          0.001
-2.6       0.198255        0.19827   1.48437e-005          0.001
-2.53333       0.225557       0.225568   1.08859e-005          0.001
-2.46667       0.253305       0.253313   7.91701e-006          0.001
-2.4       0.281437       0.281443    5.7073e-006          0.001
-2.33333        0.30989       0.309894   4.07625e-006          0.001
-2.26667       0.338598       0.338601   2.88282e-006          0.001
-2.2       0.367496       0.367498   2.01765e-006          0.001
-2.13333       0.396516       0.396518   1.39659e-006          0.001
-2.06667       0.425626       0.425591   3.46527e-005          0.001
-2       0.454674       0.454649   2.50079e-005          0.001
-1.93333       0.483639       0.483621    1.7847e-005          0.001
-1.86667       0.512449       0.512437   1.25853e-005          0.001
-1.8       0.541035       0.541026   8.76183e-006          0.001
-1.73333       0.569325       0.569319   6.01645e-006          0.001
-1.66667       0.597249       0.597245   4.07035e-006          0.001
-1.6       0.624736       0.624734   2.70985e-006          0.001
-1.53333       0.651718       0.651716   1.77292e-006          0.001
-1.46667       0.678126       0.678125   1.13813e-006          0.001
-1.4       0.703893       0.703893   7.15624e-007          0.001
-1.33333       0.728954       0.728953   4.39841e-007          0.001
-1.26667       0.753225       0.753243   1.79978e-005          0.001
-1.2       0.776688       0.776699   1.16954e-005          0.001
-1.13333       0.799254       0.799261   7.41377e-006          0.001
-1.06667       0.820866       0.820871   4.57072e-006          0.001
-1       0.841468       0.841471   2.73084e-006          0.001
-0.933333       0.861007       0.861009   1.57434e-006          0.001
-0.866667       0.879432       0.879433   8.71149e-007          0.001
-0.8       0.896695       0.896695   4.59656e-007          0.001
-0.733333        0.91275        0.91275   2.29365e-007          0.001
-0.666667       0.927555       0.927555   1.07091e-007          0.001
-0.6       0.941071       0.941071   4.61346e-008          0.001
-0.533333       0.953267       0.953262   4.54828e-006          0.001
-0.466667       0.964099       0.964097   2.04314e-006          0.001
-0.4       0.973547       0.973546   8.10895e-007          0.001
-0.333333       0.981584       0.981584   2.71751e-007          0.001
-0.266667        0.98819        0.98819   7.12776e-008          0.001
-0.2       0.993347       0.993347   1.26914e-008          0.001
-0.133333        0.99704        0.99704   1.11454e-009          0.001
-0.0666667       0.999259       0.999259   1.64592e-007          0.001
-1.55154e-014              1              1              0          0.001
0.0666667       0.999259       0.999259   1.64592e-007          0.001
0.133333        0.99704        0.99704   1.11454e-009          0.001
0.2       0.993347       0.993347   1.26914e-008          0.001
0.266667        0.98819        0.98819   7.12776e-008          0.001
0.333333       0.981584       0.981584   2.71751e-007          0.001
0.4       0.973547       0.973546   8.10895e-007          0.001
0.466667       0.964099       0.964097   2.04314e-006          0.001
0.533333       0.953267       0.953262   4.54828e-006          0.001
0.6       0.941071       0.941071   4.61346e-008          0.001
0.666667       0.927555       0.927555   1.07091e-007          0.001
0.733333        0.91275        0.91275   2.29365e-007          0.001
0.8       0.896695       0.896695   4.59656e-007          0.001
0.866667       0.879432       0.879433   8.71149e-007          0.001
0.933333       0.861007       0.861009   1.57434e-006          0.001
1       0.841468       0.841471   2.73084e-006          0.001
1.06667       0.820866       0.820871   4.57072e-006          0.001
1.13333       0.799254       0.799261   7.41377e-006          0.001
1.2       0.776688       0.776699   1.16954e-005          0.001
1.26667       0.753225       0.753243   1.79978e-005          0.001
1.33333       0.728954       0.728953   4.39841e-007          0.001
1.4       0.703893       0.703893   7.15624e-007          0.001
1.46667       0.678126       0.678125   1.13813e-006          0.001
1.53333       0.651718       0.651716   1.77292e-006          0.001
1.6       0.624736       0.624734   2.70985e-006          0.001
1.66667       0.597249       0.597245   4.07035e-006          0.001
1.73333       0.569325       0.569319   6.01645e-006          0.001
1.8       0.541035       0.541026   8.76183e-006          0.001
1.86667       0.512449       0.512437   1.25853e-005          0.001
1.93333       0.483639       0.483621    1.7847e-005          0.001
2       0.454674       0.454649   2.50079e-005          0.001
2.06667       0.425626       0.425591   3.46527e-005          0.001
2.13333       0.396516       0.396518   1.39659e-006          0.001
2.2       0.367496       0.367498   2.01765e-006          0.001
2.26667       0.338598       0.338601   2.88282e-006          0.001
2.33333        0.30989       0.309894   4.07625e-006          0.001
2.4       0.281437       0.281443    5.7073e-006          0.001
2.46667       0.253305       0.253313   7.91701e-006          0.001
2.53333       0.225557       0.225568   1.08859e-005          0.001
2.6       0.198255        0.19827   1.48437e-005          0.001
2.66667       0.171457       0.171477   2.00804e-005          0.001
2.73333       0.145221       0.145248   2.69606e-005          0.001
2.8       0.119603       0.119639    3.5939e-005          0.001
2.86667      0.0946532      0.0947008   4.75807e-005          0.001
2.93333       0.070488      0.0704854   2.58791e-006          0.001
3      0.0470435        0.04704   3.53971e-006          0.001
3.06667      0.0244143      0.0244095   4.80805e-006          0.001
3.13333     0.00264241     0.00263592   6.48758e-006          0.001
3.2     -0.0182332     -0.0182419   8.69823e-006          0.001
3.26667     -0.0381766     -0.0381882   1.15911e-005          0.001
3.33333      -0.057155     -0.0571704   1.53559e-005          0.001
3.4     -0.0751389     -0.0751591   2.02291e-005          0.001
3.46667      -0.092102     -0.0921285   2.65051e-005          0.001
3.53333      -0.108021      -0.108056   3.45477e-005          0.001
3.6      -0.122878      -0.122922   4.48055e-005          0.001
3.66667      -0.136654      -0.136712   5.78289e-005          0.001
3.73333      -0.149416      -0.149412   3.84596e-006          0.001
3.8       -0.16102      -0.161015   5.09769e-006          0.001
3.86667      -0.171522      -0.171515   6.72344e-006          0.001
3.93333      -0.180918      -0.180909   8.82539e-006          0.001
4      -0.189212      -0.189201   1.15311e-005          0.001
4.06667      -0.196408      -0.196393    1.4999e-005          0.001
4.13333      -0.202515      -0.202495   1.94259e-005          0.001
4.2      -0.207543      -0.207518   2.50541e-005          0.001
4.26667      -0.211509      -0.211476   3.21822e-005          0.001
4.33333      -0.214429      -0.214388   4.11762e-005          0.001
4.4      -0.216326      -0.216273   5.24834e-005          0.001
4.46667      -0.217222      -0.217156   6.66487e-005          0.001
4.53333      -0.217056      -0.217062   5.12285e-006          0.001
4.6      -0.216013       -0.21602   6.65312e-006          0.001
4.66667      -0.214053      -0.214062   8.60773e-006          0.001
4.73333       -0.21121      -0.211221   1.10955e-005          0.001
4.8       -0.20752      -0.207534   1.42511e-005          0.001
4.86667      -0.203021      -0.203039   1.82403e-005          0.001
4.93333      -0.197752      -0.197775   2.32671e-005          0.001
5      -0.191755      -0.191785   2.95811e-005          0.001
5.06667      -0.185074      -0.185111   3.74878e-005          0.001
5.13333      -0.177752      -0.177799   4.73591e-005          0.001
5.2      -0.169835      -0.169895   5.96471e-005          0.001
5.26667      -0.161371      -0.161446   7.49002e-005          0.001
5.33333      -0.152506      -0.152499   6.42215e-006          0.001
5.4      -0.143113      -0.143105   8.22225e-006          0.001
5.46667      -0.133321      -0.133311   1.04947e-005          0.001
5.53333      -0.123182      -0.123168   1.33552e-005          0.001
5.6      -0.112743      -0.112726   1.69458e-005          0.001
5.66667      -0.102056      -0.102035   2.14407e-005          0.001
5.73333     -0.0911714     -0.0911444   2.70523e-005          0.001
5.8     -0.0801379     -0.0801038     3.404e-005          0.001
5.86667     -0.0690051     -0.0689624   4.27189e-005          0.001
5.93333     -0.0578218     -0.0577683   5.34716e-005          0.001
6      -0.046636     -0.0465692   6.67609e-005          0.001
6.06667     -0.0354056     -0.0354117   6.11417e-006          0.001
6.13333     -0.0243333      -0.024341   7.76596e-006          0.001
6.2     -0.0133917     -0.0134015   9.83827e-006          0.001
6.26667     -0.0026234    -0.00263583   1.24317e-005          0.001
6.33333     0.00793046     0.00791479   1.56696e-005          0.001
6.4      0.0182305      0.0182108   1.97024e-005          0.001
6.46667      0.0282392      0.0282145   2.47138e-005          0.001
6.53333      0.0379208      0.0378899    3.0927e-005          0.001
6.6      0.0472419      0.0472032   3.86132e-005          0.001
6.66667      0.0561708      0.0561227    4.8101e-005          0.001
6.73333      0.0646784      0.0646186   5.97875e-005          0.001
6.8      0.0727379      0.0726637   7.41524e-005          0.001
6.86667      0.0802256      0.0802329   7.29098e-006          0.001
6.93333      0.0872943      0.0873035   9.18228e-006          0.001
7      0.0938437      0.0938552   1.15384e-005          0.001
7.06667      0.0998558      0.0998703   1.44675e-005          0.001
7.13333       0.105315       0.105333   1.81012e-005          0.001
7.2       0.110209       0.110232   2.25999e-005          0.001
7.26667       0.114527       0.114555   2.81583e-005          0.001
7.33333        0.11826       0.118295   3.50126e-005          0.001
7.4       0.121404       0.121447   4.34487e-005          0.001
7.46667       0.123954       0.124008   5.38119e-005          0.001
7.53333       0.125911       0.125978   6.65188e-005          0.001
7.6       0.127276       0.127358    8.2071e-005          0.001
7.66667       0.128162       0.128153   8.55419e-006          0.001
7.73333       0.128381        0.12837    1.0701e-005          0.001
7.8       0.128032       0.128018   1.33605e-005          0.001
7.86667       0.127125       0.127108   1.66492e-005          0.001
7.93333       0.125674       0.125654   2.07086e-005          0.001
8       0.123695        0.12367   2.57102e-005          0.001
8.06667       0.121206       0.121174    3.1862e-005          0.001
8.13333       0.118224       0.118185   3.94153e-005          0.001
8.2       0.114772       0.114723   4.86736e-005          0.001
8.26667       0.110872       0.110812   6.00029e-005          0.001
8.33333       0.106549       0.106475   7.38436e-005          0.001
8.4       0.101829       0.101738    9.0725e-005          0.001
8.46667      0.0966169      0.0966268   9.92863e-006          0.001
8.53333      0.0911572      0.0911696   1.23528e-005          0.001
8.6      0.0853797       0.085395   1.53425e-005          0.001
8.66667      0.0793138      0.0793328   1.90235e-005          0.001
8.73333      0.0729899      0.0730134   2.35485e-005          0.001
8.8      0.0664388      0.0664679   2.91021e-005          0.001
8.86667      0.0596917      0.0597276   3.59074e-005          0.001
8.93333      0.0527804      0.0528246   4.42336e-005          0.001
9      0.0457365      0.0457909   5.44052e-005          0.001
9.06667      0.0385919      0.0386587   6.68125e-005          0.001
9.13333      0.0313782      0.0314602   8.19246e-005          0.001
9.2      0.0242364      0.0242272   9.22257e-006          0.001
9.26667      0.0170028      0.0169914   1.14406e-005          0.001
9.33333     0.00979816     0.00978399   1.41698e-005          0.001
9.4     0.00265321     0.00263568   1.75233e-005          0.001
9.46667    -0.00440193    -0.00442357   2.16375e-005          0.001
9.53333     -0.0113379     -0.0113646   2.66778e-005          0.001
9.6     -0.0181262      -0.018159   3.28437e-005          0.001
9.66667     -0.0247393     -0.0247797    4.0376e-005          0.001
9.73333     -0.0311507     -0.0312003   4.95647e-005          0.001
9.8     -0.0373351     -0.0373958   6.07585e-005          0.001
9.86667     -0.0432683     -0.0433427   7.43764e-005          0.001
9.93333     -0.0489275     -0.0490184   9.09214e-005          0.001
10     -0.0544127     -0.0544021   1.06166e-005          0.001
